{
 "cells": [
  {
   "cell_type": "code",
   "execution_count": 22,
   "metadata": {},
   "outputs": [
    {
     "data": {
      "text/html": [
       "<div>\n",
       "<style scoped>\n",
       "    .dataframe tbody tr th:only-of-type {\n",
       "        vertical-align: middle;\n",
       "    }\n",
       "\n",
       "    .dataframe tbody tr th {\n",
       "        vertical-align: top;\n",
       "    }\n",
       "\n",
       "    .dataframe thead th {\n",
       "        text-align: right;\n",
       "    }\n",
       "</style>\n",
       "<table border=\"1\" class=\"dataframe\">\n",
       "  <thead>\n",
       "    <tr style=\"text-align: right;\">\n",
       "      <th>ticker</th>\n",
       "      <th>date</th>\n",
       "      <th>AAPL</th>\n",
       "      <th>AMZN</th>\n",
       "      <th>BRK_B</th>\n",
       "      <th>FB</th>\n",
       "      <th>GOOG</th>\n",
       "      <th>GOOGL</th>\n",
       "      <th>HD</th>\n",
       "      <th>INTC</th>\n",
       "      <th>JNJ</th>\n",
       "      <th>...</th>\n",
       "      <th>MA</th>\n",
       "      <th>MRK</th>\n",
       "      <th>MSFT</th>\n",
       "      <th>PEP</th>\n",
       "      <th>PFE</th>\n",
       "      <th>PG</th>\n",
       "      <th>T</th>\n",
       "      <th>UNH</th>\n",
       "      <th>V</th>\n",
       "      <th>VZ</th>\n",
       "    </tr>\n",
       "  </thead>\n",
       "  <tbody>\n",
       "    <tr>\n",
       "      <th>0</th>\n",
       "      <td>2016-01-04</td>\n",
       "      <td>101.783763</td>\n",
       "      <td>636.99</td>\n",
       "      <td>130.75</td>\n",
       "      <td>102.22</td>\n",
       "      <td>741.84</td>\n",
       "      <td>759.44</td>\n",
       "      <td>126.076040</td>\n",
       "      <td>31.810946</td>\n",
       "      <td>95.264931</td>\n",
       "      <td>...</td>\n",
       "      <td>93.359001</td>\n",
       "      <td>49.743593</td>\n",
       "      <td>52.181598</td>\n",
       "      <td>93.983484</td>\n",
       "      <td>29.614720</td>\n",
       "      <td>73.566646</td>\n",
       "      <td>31.109314</td>\n",
       "      <td>113.146472</td>\n",
       "      <td>74.736078</td>\n",
       "      <td>42.902925</td>\n",
       "    </tr>\n",
       "    <tr>\n",
       "      <th>1</th>\n",
       "      <td>2016-01-05</td>\n",
       "      <td>99.233131</td>\n",
       "      <td>633.79</td>\n",
       "      <td>131.25</td>\n",
       "      <td>102.73</td>\n",
       "      <td>742.58</td>\n",
       "      <td>761.53</td>\n",
       "      <td>125.460425</td>\n",
       "      <td>31.661204</td>\n",
       "      <td>95.663132</td>\n",
       "      <td>...</td>\n",
       "      <td>93.536246</td>\n",
       "      <td>50.378658</td>\n",
       "      <td>52.419653</td>\n",
       "      <td>94.630530</td>\n",
       "      <td>29.827908</td>\n",
       "      <td>73.801323</td>\n",
       "      <td>31.326671</td>\n",
       "      <td>113.360212</td>\n",
       "      <td>75.298820</td>\n",
       "      <td>43.492173</td>\n",
       "    </tr>\n",
       "    <tr>\n",
       "      <th>2</th>\n",
       "      <td>2016-01-06</td>\n",
       "      <td>97.291172</td>\n",
       "      <td>632.65</td>\n",
       "      <td>131.33</td>\n",
       "      <td>102.97</td>\n",
       "      <td>743.62</td>\n",
       "      <td>759.33</td>\n",
       "      <td>124.161862</td>\n",
       "      <td>30.959285</td>\n",
       "      <td>95.179602</td>\n",
       "      <td>...</td>\n",
       "      <td>92.108438</td>\n",
       "      <td>49.686721</td>\n",
       "      <td>51.467434</td>\n",
       "      <td>94.659076</td>\n",
       "      <td>29.299571</td>\n",
       "      <td>73.087904</td>\n",
       "      <td>31.281389</td>\n",
       "      <td>112.204070</td>\n",
       "      <td>74.311553</td>\n",
       "      <td>43.104017</td>\n",
       "    </tr>\n",
       "    <tr>\n",
       "      <th>3</th>\n",
       "      <td>2016-01-07</td>\n",
       "      <td>93.185040</td>\n",
       "      <td>607.94</td>\n",
       "      <td>129.48</td>\n",
       "      <td>97.92</td>\n",
       "      <td>726.39</td>\n",
       "      <td>741.00</td>\n",
       "      <td>120.622075</td>\n",
       "      <td>29.798780</td>\n",
       "      <td>94.070327</td>\n",
       "      <td>...</td>\n",
       "      <td>90.421181</td>\n",
       "      <td>49.250707</td>\n",
       "      <td>49.677262</td>\n",
       "      <td>92.841637</td>\n",
       "      <td>29.104920</td>\n",
       "      <td>72.449582</td>\n",
       "      <td>30.776258</td>\n",
       "      <td>108.900807</td>\n",
       "      <td>72.850399</td>\n",
       "      <td>42.867286</td>\n",
       "    </tr>\n",
       "    <tr>\n",
       "      <th>4</th>\n",
       "      <td>2016-01-08</td>\n",
       "      <td>93.677776</td>\n",
       "      <td>607.05</td>\n",
       "      <td>128.33</td>\n",
       "      <td>97.33</td>\n",
       "      <td>714.47</td>\n",
       "      <td>730.91</td>\n",
       "      <td>119.179227</td>\n",
       "      <td>29.489936</td>\n",
       "      <td>93.065343</td>\n",
       "      <td>...</td>\n",
       "      <td>88.694456</td>\n",
       "      <td>48.416591</td>\n",
       "      <td>49.829617</td>\n",
       "      <td>92.499083</td>\n",
       "      <td>28.734157</td>\n",
       "      <td>71.313743</td>\n",
       "      <td>30.803810</td>\n",
       "      <td>107.025720</td>\n",
       "      <td>71.951986</td>\n",
       "      <td>42.450639</td>\n",
       "    </tr>\n",
       "  </tbody>\n",
       "</table>\n",
       "<p>5 rows × 21 columns</p>\n",
       "</div>"
      ],
      "text/plain": [
       "ticker       date        AAPL    AMZN   BRK_B      FB    GOOG   GOOGL  \\\n",
       "0      2016-01-04  101.783763  636.99  130.75  102.22  741.84  759.44   \n",
       "1      2016-01-05   99.233131  633.79  131.25  102.73  742.58  761.53   \n",
       "2      2016-01-06   97.291172  632.65  131.33  102.97  743.62  759.33   \n",
       "3      2016-01-07   93.185040  607.94  129.48   97.92  726.39  741.00   \n",
       "4      2016-01-08   93.677776  607.05  128.33   97.33  714.47  730.91   \n",
       "\n",
       "ticker          HD       INTC        JNJ  ...         MA        MRK  \\\n",
       "0       126.076040  31.810946  95.264931  ...  93.359001  49.743593   \n",
       "1       125.460425  31.661204  95.663132  ...  93.536246  50.378658   \n",
       "2       124.161862  30.959285  95.179602  ...  92.108438  49.686721   \n",
       "3       120.622075  29.798780  94.070327  ...  90.421181  49.250707   \n",
       "4       119.179227  29.489936  93.065343  ...  88.694456  48.416591   \n",
       "\n",
       "ticker       MSFT        PEP        PFE         PG          T         UNH  \\\n",
       "0       52.181598  93.983484  29.614720  73.566646  31.109314  113.146472   \n",
       "1       52.419653  94.630530  29.827908  73.801323  31.326671  113.360212   \n",
       "2       51.467434  94.659076  29.299571  73.087904  31.281389  112.204070   \n",
       "3       49.677262  92.841637  29.104920  72.449582  30.776258  108.900807   \n",
       "4       49.829617  92.499083  28.734157  71.313743  30.803810  107.025720   \n",
       "\n",
       "ticker          V         VZ  \n",
       "0       74.736078  42.902925  \n",
       "1       75.298820  43.492173  \n",
       "2       74.311553  43.104017  \n",
       "3       72.850399  42.867286  \n",
       "4       71.951986  42.450639  \n",
       "\n",
       "[5 rows x 21 columns]"
      ]
     },
     "execution_count": 22,
     "metadata": {},
     "output_type": "execute_result"
    }
   ],
   "source": [
    "import quandl\n",
    "import pandas as pd\n",
    "import numpy as np\n",
    "import matplotlib.pyplot as plt\n",
    "import seaborn\n",
    "\n",
    "# get adjusted closing prices of 20 selected companies with Quandl\n",
    "quandl.ApiConfig.api_key = '5Av1EMy2LELvBBqUCpCg'\n",
    "# removing top 5 selected = ['AAPL', 'FB', 'UNH', 'MA', 'INTC','GOOG','AMZN','MSFT','GOOGL','BRK_B','JNJ','V','JPM','HD','PEP']\n",
    "selected = ['AAPL', 'FB', 'UNH', 'MA', 'INTC','GOOG','AMZN','MSFT','GOOGL','BRK_B','JNJ','V','PG','JPM','VZ','HD','T','PFE','MRK','PEP']\n",
    "# removing bottom 5 selected = ['AAPL', 'FB', 'UNH',  'INTC','AMZN','BRK_B','JNJ','PG','JPM','VZ','HD','T','PFE','MRK','PEP']\n",
    "data = quandl.get_table('WIKI/PRICES', ticker = selected,\n",
    "                        qopts = { 'columns': ['date', 'adj_close', 'ticker'] },\n",
    "                        date = { 'gte': '2016-1-1', 'lte': '2018-12-31' }, paginate=True)\n",
    "\n",
    "data1 = data.pivot('date','ticker','adj_close').reset_index()\n",
    "data1.head()"
   ]
  },
  {
   "cell_type": "code",
   "execution_count": 18,
   "metadata": {},
   "outputs": [
    {
     "data": {
      "text/html": [
       "<div>\n",
       "<style scoped>\n",
       "    .dataframe tbody tr th:only-of-type {\n",
       "        vertical-align: middle;\n",
       "    }\n",
       "\n",
       "    .dataframe tbody tr th {\n",
       "        vertical-align: top;\n",
       "    }\n",
       "\n",
       "    .dataframe thead th {\n",
       "        text-align: right;\n",
       "    }\n",
       "</style>\n",
       "<table border=\"1\" class=\"dataframe\">\n",
       "  <thead>\n",
       "    <tr style=\"text-align: right;\">\n",
       "      <th>ticker</th>\n",
       "      <th>AAPL</th>\n",
       "      <th>AMZN</th>\n",
       "      <th>BRK_B</th>\n",
       "      <th>FB</th>\n",
       "      <th>GOOG</th>\n",
       "      <th>GOOGL</th>\n",
       "      <th>HD</th>\n",
       "      <th>INTC</th>\n",
       "      <th>JNJ</th>\n",
       "      <th>JPM</th>\n",
       "      <th>MA</th>\n",
       "      <th>MRK</th>\n",
       "      <th>MSFT</th>\n",
       "      <th>PEP</th>\n",
       "      <th>PFE</th>\n",
       "      <th>PG</th>\n",
       "      <th>T</th>\n",
       "      <th>UNH</th>\n",
       "      <th>V</th>\n",
       "      <th>VZ</th>\n",
       "    </tr>\n",
       "    <tr>\n",
       "      <th>ticker</th>\n",
       "      <th></th>\n",
       "      <th></th>\n",
       "      <th></th>\n",
       "      <th></th>\n",
       "      <th></th>\n",
       "      <th></th>\n",
       "      <th></th>\n",
       "      <th></th>\n",
       "      <th></th>\n",
       "      <th></th>\n",
       "      <th></th>\n",
       "      <th></th>\n",
       "      <th></th>\n",
       "      <th></th>\n",
       "      <th></th>\n",
       "      <th></th>\n",
       "      <th></th>\n",
       "      <th></th>\n",
       "      <th></th>\n",
       "      <th></th>\n",
       "    </tr>\n",
       "  </thead>\n",
       "  <tbody>\n",
       "    <tr>\n",
       "      <th>AAPL</th>\n",
       "      <td>1.000000</td>\n",
       "      <td>0.890084</td>\n",
       "      <td>0.933134</td>\n",
       "      <td>0.960857</td>\n",
       "      <td>0.957868</td>\n",
       "      <td>0.959153</td>\n",
       "      <td>0.916465</td>\n",
       "      <td>0.835756</td>\n",
       "      <td>0.894819</td>\n",
       "      <td>0.941640</td>\n",
       "      <td>0.932200</td>\n",
       "      <td>0.442956</td>\n",
       "      <td>0.956610</td>\n",
       "      <td>0.886275</td>\n",
       "      <td>0.735005</td>\n",
       "      <td>0.698413</td>\n",
       "      <td>0.068044</td>\n",
       "      <td>0.956031</td>\n",
       "      <td>0.948852</td>\n",
       "      <td>-0.106878</td>\n",
       "    </tr>\n",
       "    <tr>\n",
       "      <th>AMZN</th>\n",
       "      <td>0.890084</td>\n",
       "      <td>1.000000</td>\n",
       "      <td>0.920321</td>\n",
       "      <td>0.898116</td>\n",
       "      <td>0.944130</td>\n",
       "      <td>0.937166</td>\n",
       "      <td>0.913388</td>\n",
       "      <td>0.931332</td>\n",
       "      <td>0.826393</td>\n",
       "      <td>0.919505</td>\n",
       "      <td>0.962993</td>\n",
       "      <td>0.293561</td>\n",
       "      <td>0.958354</td>\n",
       "      <td>0.772161</td>\n",
       "      <td>0.800589</td>\n",
       "      <td>0.452098</td>\n",
       "      <td>0.083433</td>\n",
       "      <td>0.931668</td>\n",
       "      <td>0.952630</td>\n",
       "      <td>0.021327</td>\n",
       "    </tr>\n",
       "    <tr>\n",
       "      <th>BRK_B</th>\n",
       "      <td>0.933134</td>\n",
       "      <td>0.920321</td>\n",
       "      <td>1.000000</td>\n",
       "      <td>0.927641</td>\n",
       "      <td>0.941118</td>\n",
       "      <td>0.935850</td>\n",
       "      <td>0.950067</td>\n",
       "      <td>0.891602</td>\n",
       "      <td>0.887965</td>\n",
       "      <td>0.982133</td>\n",
       "      <td>0.954310</td>\n",
       "      <td>0.417275</td>\n",
       "      <td>0.965849</td>\n",
       "      <td>0.826807</td>\n",
       "      <td>0.815474</td>\n",
       "      <td>0.626256</td>\n",
       "      <td>0.191054</td>\n",
       "      <td>0.980475</td>\n",
       "      <td>0.953878</td>\n",
       "      <td>0.123002</td>\n",
       "    </tr>\n",
       "    <tr>\n",
       "      <th>FB</th>\n",
       "      <td>0.960857</td>\n",
       "      <td>0.898116</td>\n",
       "      <td>0.927641</td>\n",
       "      <td>1.000000</td>\n",
       "      <td>0.954355</td>\n",
       "      <td>0.954643</td>\n",
       "      <td>0.923602</td>\n",
       "      <td>0.834813</td>\n",
       "      <td>0.940614</td>\n",
       "      <td>0.913700</td>\n",
       "      <td>0.941733</td>\n",
       "      <td>0.433931</td>\n",
       "      <td>0.947741</td>\n",
       "      <td>0.902989</td>\n",
       "      <td>0.811416</td>\n",
       "      <td>0.718628</td>\n",
       "      <td>0.073205</td>\n",
       "      <td>0.962152</td>\n",
       "      <td>0.967759</td>\n",
       "      <td>-0.014391</td>\n",
       "    </tr>\n",
       "    <tr>\n",
       "      <th>GOOG</th>\n",
       "      <td>0.957868</td>\n",
       "      <td>0.944130</td>\n",
       "      <td>0.941118</td>\n",
       "      <td>0.954355</td>\n",
       "      <td>1.000000</td>\n",
       "      <td>0.999245</td>\n",
       "      <td>0.957383</td>\n",
       "      <td>0.890105</td>\n",
       "      <td>0.885756</td>\n",
       "      <td>0.935376</td>\n",
       "      <td>0.966939</td>\n",
       "      <td>0.337282</td>\n",
       "      <td>0.983042</td>\n",
       "      <td>0.848455</td>\n",
       "      <td>0.764922</td>\n",
       "      <td>0.576848</td>\n",
       "      <td>0.009691</td>\n",
       "      <td>0.962756</td>\n",
       "      <td>0.974210</td>\n",
       "      <td>-0.036194</td>\n",
       "    </tr>\n",
       "    <tr>\n",
       "      <th>GOOGL</th>\n",
       "      <td>0.959153</td>\n",
       "      <td>0.937166</td>\n",
       "      <td>0.935850</td>\n",
       "      <td>0.954643</td>\n",
       "      <td>0.999245</td>\n",
       "      <td>1.000000</td>\n",
       "      <td>0.951466</td>\n",
       "      <td>0.884796</td>\n",
       "      <td>0.887728</td>\n",
       "      <td>0.931900</td>\n",
       "      <td>0.959988</td>\n",
       "      <td>0.354894</td>\n",
       "      <td>0.979278</td>\n",
       "      <td>0.854658</td>\n",
       "      <td>0.758855</td>\n",
       "      <td>0.591118</td>\n",
       "      <td>0.014133</td>\n",
       "      <td>0.958807</td>\n",
       "      <td>0.969020</td>\n",
       "      <td>-0.044300</td>\n",
       "    </tr>\n",
       "    <tr>\n",
       "      <th>HD</th>\n",
       "      <td>0.916465</td>\n",
       "      <td>0.913388</td>\n",
       "      <td>0.950067</td>\n",
       "      <td>0.923602</td>\n",
       "      <td>0.957383</td>\n",
       "      <td>0.951466</td>\n",
       "      <td>1.000000</td>\n",
       "      <td>0.871833</td>\n",
       "      <td>0.884063</td>\n",
       "      <td>0.920066</td>\n",
       "      <td>0.943852</td>\n",
       "      <td>0.281657</td>\n",
       "      <td>0.952373</td>\n",
       "      <td>0.831132</td>\n",
       "      <td>0.826199</td>\n",
       "      <td>0.562917</td>\n",
       "      <td>0.086695</td>\n",
       "      <td>0.955202</td>\n",
       "      <td>0.958775</td>\n",
       "      <td>0.121007</td>\n",
       "    </tr>\n",
       "    <tr>\n",
       "      <th>INTC</th>\n",
       "      <td>0.835756</td>\n",
       "      <td>0.931332</td>\n",
       "      <td>0.891602</td>\n",
       "      <td>0.834813</td>\n",
       "      <td>0.890105</td>\n",
       "      <td>0.884796</td>\n",
       "      <td>0.871833</td>\n",
       "      <td>1.000000</td>\n",
       "      <td>0.771543</td>\n",
       "      <td>0.881928</td>\n",
       "      <td>0.918456</td>\n",
       "      <td>0.210341</td>\n",
       "      <td>0.927572</td>\n",
       "      <td>0.671000</td>\n",
       "      <td>0.791557</td>\n",
       "      <td>0.429915</td>\n",
       "      <td>0.090220</td>\n",
       "      <td>0.883473</td>\n",
       "      <td>0.900798</td>\n",
       "      <td>0.164586</td>\n",
       "    </tr>\n",
       "    <tr>\n",
       "      <th>JNJ</th>\n",
       "      <td>0.894819</td>\n",
       "      <td>0.826393</td>\n",
       "      <td>0.887965</td>\n",
       "      <td>0.940614</td>\n",
       "      <td>0.885756</td>\n",
       "      <td>0.887728</td>\n",
       "      <td>0.884063</td>\n",
       "      <td>0.771543</td>\n",
       "      <td>1.000000</td>\n",
       "      <td>0.856399</td>\n",
       "      <td>0.852742</td>\n",
       "      <td>0.533082</td>\n",
       "      <td>0.869619</td>\n",
       "      <td>0.942231</td>\n",
       "      <td>0.876159</td>\n",
       "      <td>0.785609</td>\n",
       "      <td>0.221527</td>\n",
       "      <td>0.925038</td>\n",
       "      <td>0.894886</td>\n",
       "      <td>0.104449</td>\n",
       "    </tr>\n",
       "    <tr>\n",
       "      <th>JPM</th>\n",
       "      <td>0.941640</td>\n",
       "      <td>0.919505</td>\n",
       "      <td>0.982133</td>\n",
       "      <td>0.913700</td>\n",
       "      <td>0.935376</td>\n",
       "      <td>0.931900</td>\n",
       "      <td>0.920066</td>\n",
       "      <td>0.881928</td>\n",
       "      <td>0.856399</td>\n",
       "      <td>1.000000</td>\n",
       "      <td>0.942516</td>\n",
       "      <td>0.437630</td>\n",
       "      <td>0.964354</td>\n",
       "      <td>0.809937</td>\n",
       "      <td>0.764663</td>\n",
       "      <td>0.613799</td>\n",
       "      <td>0.172156</td>\n",
       "      <td>0.971713</td>\n",
       "      <td>0.934228</td>\n",
       "      <td>0.015339</td>\n",
       "    </tr>\n",
       "    <tr>\n",
       "      <th>MA</th>\n",
       "      <td>0.932200</td>\n",
       "      <td>0.962993</td>\n",
       "      <td>0.954310</td>\n",
       "      <td>0.941733</td>\n",
       "      <td>0.966939</td>\n",
       "      <td>0.959988</td>\n",
       "      <td>0.943852</td>\n",
       "      <td>0.918456</td>\n",
       "      <td>0.852742</td>\n",
       "      <td>0.942516</td>\n",
       "      <td>1.000000</td>\n",
       "      <td>0.271723</td>\n",
       "      <td>0.985525</td>\n",
       "      <td>0.777462</td>\n",
       "      <td>0.787678</td>\n",
       "      <td>0.511831</td>\n",
       "      <td>-0.019811</td>\n",
       "      <td>0.963945</td>\n",
       "      <td>0.989622</td>\n",
       "      <td>-0.005012</td>\n",
       "    </tr>\n",
       "    <tr>\n",
       "      <th>MRK</th>\n",
       "      <td>0.442956</td>\n",
       "      <td>0.293561</td>\n",
       "      <td>0.417275</td>\n",
       "      <td>0.433931</td>\n",
       "      <td>0.337282</td>\n",
       "      <td>0.354894</td>\n",
       "      <td>0.281657</td>\n",
       "      <td>0.210341</td>\n",
       "      <td>0.533082</td>\n",
       "      <td>0.437630</td>\n",
       "      <td>0.271723</td>\n",
       "      <td>1.000000</td>\n",
       "      <td>0.314380</td>\n",
       "      <td>0.620190</td>\n",
       "      <td>0.418599</td>\n",
       "      <td>0.762690</td>\n",
       "      <td>0.582174</td>\n",
       "      <td>0.406618</td>\n",
       "      <td>0.313513</td>\n",
       "      <td>-0.032573</td>\n",
       "    </tr>\n",
       "    <tr>\n",
       "      <th>MSFT</th>\n",
       "      <td>0.956610</td>\n",
       "      <td>0.958354</td>\n",
       "      <td>0.965849</td>\n",
       "      <td>0.947741</td>\n",
       "      <td>0.983042</td>\n",
       "      <td>0.979278</td>\n",
       "      <td>0.952373</td>\n",
       "      <td>0.927572</td>\n",
       "      <td>0.869619</td>\n",
       "      <td>0.964354</td>\n",
       "      <td>0.985525</td>\n",
       "      <td>0.314380</td>\n",
       "      <td>1.000000</td>\n",
       "      <td>0.813650</td>\n",
       "      <td>0.774888</td>\n",
       "      <td>0.560411</td>\n",
       "      <td>0.030269</td>\n",
       "      <td>0.976888</td>\n",
       "      <td>0.980693</td>\n",
       "      <td>0.004521</td>\n",
       "    </tr>\n",
       "    <tr>\n",
       "      <th>PEP</th>\n",
       "      <td>0.886275</td>\n",
       "      <td>0.772161</td>\n",
       "      <td>0.826807</td>\n",
       "      <td>0.902989</td>\n",
       "      <td>0.848455</td>\n",
       "      <td>0.854658</td>\n",
       "      <td>0.831132</td>\n",
       "      <td>0.671000</td>\n",
       "      <td>0.942231</td>\n",
       "      <td>0.809937</td>\n",
       "      <td>0.777462</td>\n",
       "      <td>0.620190</td>\n",
       "      <td>0.813650</td>\n",
       "      <td>1.000000</td>\n",
       "      <td>0.763804</td>\n",
       "      <td>0.839198</td>\n",
       "      <td>0.286573</td>\n",
       "      <td>0.869495</td>\n",
       "      <td>0.830131</td>\n",
       "      <td>0.025807</td>\n",
       "    </tr>\n",
       "    <tr>\n",
       "      <th>PFE</th>\n",
       "      <td>0.735005</td>\n",
       "      <td>0.800589</td>\n",
       "      <td>0.815474</td>\n",
       "      <td>0.811416</td>\n",
       "      <td>0.764922</td>\n",
       "      <td>0.758855</td>\n",
       "      <td>0.826199</td>\n",
       "      <td>0.791557</td>\n",
       "      <td>0.876159</td>\n",
       "      <td>0.764663</td>\n",
       "      <td>0.787678</td>\n",
       "      <td>0.418599</td>\n",
       "      <td>0.774888</td>\n",
       "      <td>0.763804</td>\n",
       "      <td>1.000000</td>\n",
       "      <td>0.599629</td>\n",
       "      <td>0.328510</td>\n",
       "      <td>0.821218</td>\n",
       "      <td>0.822896</td>\n",
       "      <td>0.308035</td>\n",
       "    </tr>\n",
       "    <tr>\n",
       "      <th>PG</th>\n",
       "      <td>0.698413</td>\n",
       "      <td>0.452098</td>\n",
       "      <td>0.626256</td>\n",
       "      <td>0.718628</td>\n",
       "      <td>0.576848</td>\n",
       "      <td>0.591118</td>\n",
       "      <td>0.562917</td>\n",
       "      <td>0.429915</td>\n",
       "      <td>0.785609</td>\n",
       "      <td>0.613799</td>\n",
       "      <td>0.511831</td>\n",
       "      <td>0.762690</td>\n",
       "      <td>0.560411</td>\n",
       "      <td>0.839198</td>\n",
       "      <td>0.599629</td>\n",
       "      <td>1.000000</td>\n",
       "      <td>0.426854</td>\n",
       "      <td>0.647168</td>\n",
       "      <td>0.579941</td>\n",
       "      <td>0.096760</td>\n",
       "    </tr>\n",
       "    <tr>\n",
       "      <th>T</th>\n",
       "      <td>0.068044</td>\n",
       "      <td>0.083433</td>\n",
       "      <td>0.191054</td>\n",
       "      <td>0.073205</td>\n",
       "      <td>0.009691</td>\n",
       "      <td>0.014133</td>\n",
       "      <td>0.086695</td>\n",
       "      <td>0.090220</td>\n",
       "      <td>0.221527</td>\n",
       "      <td>0.172156</td>\n",
       "      <td>-0.019811</td>\n",
       "      <td>0.582174</td>\n",
       "      <td>0.030269</td>\n",
       "      <td>0.286573</td>\n",
       "      <td>0.328510</td>\n",
       "      <td>0.426854</td>\n",
       "      <td>1.000000</td>\n",
       "      <td>0.126986</td>\n",
       "      <td>0.004511</td>\n",
       "      <td>0.586396</td>\n",
       "    </tr>\n",
       "    <tr>\n",
       "      <th>UNH</th>\n",
       "      <td>0.956031</td>\n",
       "      <td>0.931668</td>\n",
       "      <td>0.980475</td>\n",
       "      <td>0.962152</td>\n",
       "      <td>0.962756</td>\n",
       "      <td>0.958807</td>\n",
       "      <td>0.955202</td>\n",
       "      <td>0.883473</td>\n",
       "      <td>0.925038</td>\n",
       "      <td>0.971713</td>\n",
       "      <td>0.963945</td>\n",
       "      <td>0.406618</td>\n",
       "      <td>0.976888</td>\n",
       "      <td>0.869495</td>\n",
       "      <td>0.821218</td>\n",
       "      <td>0.647168</td>\n",
       "      <td>0.126986</td>\n",
       "      <td>1.000000</td>\n",
       "      <td>0.970013</td>\n",
       "      <td>0.056796</td>\n",
       "    </tr>\n",
       "    <tr>\n",
       "      <th>V</th>\n",
       "      <td>0.948852</td>\n",
       "      <td>0.952630</td>\n",
       "      <td>0.953878</td>\n",
       "      <td>0.967759</td>\n",
       "      <td>0.974210</td>\n",
       "      <td>0.969020</td>\n",
       "      <td>0.958775</td>\n",
       "      <td>0.900798</td>\n",
       "      <td>0.894886</td>\n",
       "      <td>0.934228</td>\n",
       "      <td>0.989622</td>\n",
       "      <td>0.313513</td>\n",
       "      <td>0.980693</td>\n",
       "      <td>0.830131</td>\n",
       "      <td>0.822896</td>\n",
       "      <td>0.579941</td>\n",
       "      <td>0.004511</td>\n",
       "      <td>0.970013</td>\n",
       "      <td>1.000000</td>\n",
       "      <td>0.008228</td>\n",
       "    </tr>\n",
       "    <tr>\n",
       "      <th>VZ</th>\n",
       "      <td>-0.106878</td>\n",
       "      <td>0.021327</td>\n",
       "      <td>0.123002</td>\n",
       "      <td>-0.014391</td>\n",
       "      <td>-0.036194</td>\n",
       "      <td>-0.044300</td>\n",
       "      <td>0.121007</td>\n",
       "      <td>0.164586</td>\n",
       "      <td>0.104449</td>\n",
       "      <td>0.015339</td>\n",
       "      <td>-0.005012</td>\n",
       "      <td>-0.032573</td>\n",
       "      <td>0.004521</td>\n",
       "      <td>0.025807</td>\n",
       "      <td>0.308035</td>\n",
       "      <td>0.096760</td>\n",
       "      <td>0.586396</td>\n",
       "      <td>0.056796</td>\n",
       "      <td>0.008228</td>\n",
       "      <td>1.000000</td>\n",
       "    </tr>\n",
       "  </tbody>\n",
       "</table>\n",
       "</div>"
      ],
      "text/plain": [
       "ticker      AAPL      AMZN     BRK_B        FB      GOOG     GOOGL        HD  \\\n",
       "ticker                                                                         \n",
       "AAPL    1.000000  0.890084  0.933134  0.960857  0.957868  0.959153  0.916465   \n",
       "AMZN    0.890084  1.000000  0.920321  0.898116  0.944130  0.937166  0.913388   \n",
       "BRK_B   0.933134  0.920321  1.000000  0.927641  0.941118  0.935850  0.950067   \n",
       "FB      0.960857  0.898116  0.927641  1.000000  0.954355  0.954643  0.923602   \n",
       "GOOG    0.957868  0.944130  0.941118  0.954355  1.000000  0.999245  0.957383   \n",
       "GOOGL   0.959153  0.937166  0.935850  0.954643  0.999245  1.000000  0.951466   \n",
       "HD      0.916465  0.913388  0.950067  0.923602  0.957383  0.951466  1.000000   \n",
       "INTC    0.835756  0.931332  0.891602  0.834813  0.890105  0.884796  0.871833   \n",
       "JNJ     0.894819  0.826393  0.887965  0.940614  0.885756  0.887728  0.884063   \n",
       "JPM     0.941640  0.919505  0.982133  0.913700  0.935376  0.931900  0.920066   \n",
       "MA      0.932200  0.962993  0.954310  0.941733  0.966939  0.959988  0.943852   \n",
       "MRK     0.442956  0.293561  0.417275  0.433931  0.337282  0.354894  0.281657   \n",
       "MSFT    0.956610  0.958354  0.965849  0.947741  0.983042  0.979278  0.952373   \n",
       "PEP     0.886275  0.772161  0.826807  0.902989  0.848455  0.854658  0.831132   \n",
       "PFE     0.735005  0.800589  0.815474  0.811416  0.764922  0.758855  0.826199   \n",
       "PG      0.698413  0.452098  0.626256  0.718628  0.576848  0.591118  0.562917   \n",
       "T       0.068044  0.083433  0.191054  0.073205  0.009691  0.014133  0.086695   \n",
       "UNH     0.956031  0.931668  0.980475  0.962152  0.962756  0.958807  0.955202   \n",
       "V       0.948852  0.952630  0.953878  0.967759  0.974210  0.969020  0.958775   \n",
       "VZ     -0.106878  0.021327  0.123002 -0.014391 -0.036194 -0.044300  0.121007   \n",
       "\n",
       "ticker      INTC       JNJ       JPM        MA       MRK      MSFT       PEP  \\\n",
       "ticker                                                                         \n",
       "AAPL    0.835756  0.894819  0.941640  0.932200  0.442956  0.956610  0.886275   \n",
       "AMZN    0.931332  0.826393  0.919505  0.962993  0.293561  0.958354  0.772161   \n",
       "BRK_B   0.891602  0.887965  0.982133  0.954310  0.417275  0.965849  0.826807   \n",
       "FB      0.834813  0.940614  0.913700  0.941733  0.433931  0.947741  0.902989   \n",
       "GOOG    0.890105  0.885756  0.935376  0.966939  0.337282  0.983042  0.848455   \n",
       "GOOGL   0.884796  0.887728  0.931900  0.959988  0.354894  0.979278  0.854658   \n",
       "HD      0.871833  0.884063  0.920066  0.943852  0.281657  0.952373  0.831132   \n",
       "INTC    1.000000  0.771543  0.881928  0.918456  0.210341  0.927572  0.671000   \n",
       "JNJ     0.771543  1.000000  0.856399  0.852742  0.533082  0.869619  0.942231   \n",
       "JPM     0.881928  0.856399  1.000000  0.942516  0.437630  0.964354  0.809937   \n",
       "MA      0.918456  0.852742  0.942516  1.000000  0.271723  0.985525  0.777462   \n",
       "MRK     0.210341  0.533082  0.437630  0.271723  1.000000  0.314380  0.620190   \n",
       "MSFT    0.927572  0.869619  0.964354  0.985525  0.314380  1.000000  0.813650   \n",
       "PEP     0.671000  0.942231  0.809937  0.777462  0.620190  0.813650  1.000000   \n",
       "PFE     0.791557  0.876159  0.764663  0.787678  0.418599  0.774888  0.763804   \n",
       "PG      0.429915  0.785609  0.613799  0.511831  0.762690  0.560411  0.839198   \n",
       "T       0.090220  0.221527  0.172156 -0.019811  0.582174  0.030269  0.286573   \n",
       "UNH     0.883473  0.925038  0.971713  0.963945  0.406618  0.976888  0.869495   \n",
       "V       0.900798  0.894886  0.934228  0.989622  0.313513  0.980693  0.830131   \n",
       "VZ      0.164586  0.104449  0.015339 -0.005012 -0.032573  0.004521  0.025807   \n",
       "\n",
       "ticker       PFE        PG         T       UNH         V        VZ  \n",
       "ticker                                                              \n",
       "AAPL    0.735005  0.698413  0.068044  0.956031  0.948852 -0.106878  \n",
       "AMZN    0.800589  0.452098  0.083433  0.931668  0.952630  0.021327  \n",
       "BRK_B   0.815474  0.626256  0.191054  0.980475  0.953878  0.123002  \n",
       "FB      0.811416  0.718628  0.073205  0.962152  0.967759 -0.014391  \n",
       "GOOG    0.764922  0.576848  0.009691  0.962756  0.974210 -0.036194  \n",
       "GOOGL   0.758855  0.591118  0.014133  0.958807  0.969020 -0.044300  \n",
       "HD      0.826199  0.562917  0.086695  0.955202  0.958775  0.121007  \n",
       "INTC    0.791557  0.429915  0.090220  0.883473  0.900798  0.164586  \n",
       "JNJ     0.876159  0.785609  0.221527  0.925038  0.894886  0.104449  \n",
       "JPM     0.764663  0.613799  0.172156  0.971713  0.934228  0.015339  \n",
       "MA      0.787678  0.511831 -0.019811  0.963945  0.989622 -0.005012  \n",
       "MRK     0.418599  0.762690  0.582174  0.406618  0.313513 -0.032573  \n",
       "MSFT    0.774888  0.560411  0.030269  0.976888  0.980693  0.004521  \n",
       "PEP     0.763804  0.839198  0.286573  0.869495  0.830131  0.025807  \n",
       "PFE     1.000000  0.599629  0.328510  0.821218  0.822896  0.308035  \n",
       "PG      0.599629  1.000000  0.426854  0.647168  0.579941  0.096760  \n",
       "T       0.328510  0.426854  1.000000  0.126986  0.004511  0.586396  \n",
       "UNH     0.821218  0.647168  0.126986  1.000000  0.970013  0.056796  \n",
       "V       0.822896  0.579941  0.004511  0.970013  1.000000  0.008228  \n",
       "VZ      0.308035  0.096760  0.586396  0.056796  0.008228  1.000000  "
      ]
     },
     "execution_count": 18,
     "metadata": {},
     "output_type": "execute_result"
    }
   ],
   "source": [
    "corr_df = data1.corr(method='pearson')\n",
    "#reset symbol as index (rather than 0-X)\n",
    "corr_df.head().reset_index()\n",
    "\n",
    "corr_df"
   ]
  },
  {
   "cell_type": "code",
   "execution_count": 53,
   "metadata": {},
   "outputs": [
    {
     "data": {
